0.000000000000000000e+00
1.010090909090909095e-02
2.020181818181818190e-02
3.030272727272727284e-02
4.040363636363636379e-02
5.050454545454545474e-02
6.060545454545454569e-02
7.070636363636363664e-02
8.080727272727272759e-02
9.090818181818181853e-02
1.010090909090909095e-01
1.111100000000000004e-01
1.212109090909090914e-01
1.313118181818181962e-01
1.414127272727272733e-01
1.515136363636363503e-01
1.616145454545454552e-01
1.717154545454545600e-01
1.818163636363636371e-01
1.919172727272727141e-01
2.020181818181818190e-01
2.121190909090909238e-01
2.222200000000000009e-01
2.323209090909090779e-01
2.424218181818181828e-01
2.525227272727272876e-01
2.626236363636363924e-01
2.727245454545454417e-01
2.828254545454545466e-01
2.929263636363636514e-01
3.030272727272727007e-01
3.131281818181818055e-01
3.232290909090909103e-01
3.333300000000000152e-01
3.434309090909091200e-01
3.535318181818181693e-01
3.636327272727272741e-01
3.737336363636363790e-01
3.838345454545454283e-01
3.939354545454545331e-01
4.040363636363636379e-01
4.141372727272727428e-01
4.242381818181818476e-01
4.343390909090908969e-01
4.444400000000000017e-01
4.545409090909091065e-01
4.646418181818181559e-01
4.747427272727272607e-01
4.848436363636363655e-01
4.949445454545454703e-01
5.050454545454545752e-01
5.151463636363636800e-01
5.252472727272727848e-01
5.353481818181817786e-01
5.454490909090908835e-01
5.555499999999999883e-01
5.656509090909090931e-01
5.757518181818181979e-01
5.858527272727273028e-01
5.959536363636364076e-01
6.060545454545454014e-01
6.161554545454545062e-01
6.262563636363636110e-01
6.363572727272727159e-01
6.464581818181818207e-01
6.565590909090909255e-01
6.666600000000000303e-01
6.767609090909091352e-01
6.868618181818182400e-01
6.969627272727272338e-01
7.070636363636363386e-01
7.171645454545454434e-01
7.272654545454545483e-01
7.373663636363636531e-01
7.474672727272727579e-01
7.575681818181818628e-01
7.676690909090908566e-01
7.777699999999999614e-01
7.878709090909090662e-01
7.979718181818181710e-01
8.080727272727272759e-01
8.181736363636363807e-01
8.282745454545454855e-01
8.383754545454545903e-01
8.484763636363636952e-01
8.585772727272726890e-01
8.686781818181817938e-01
8.787790909090908986e-01
8.888800000000000034e-01
8.989809090909091083e-01
9.090818181818182131e-01
9.191827272727273179e-01
9.292836363636363117e-01
9.393845454545454166e-01
9.494854545454545214e-01
9.595863636363636262e-01
9.696872727272727310e-01
9.797881818181818359e-01
9.898890909090909407e-01
9.999900000000000455e-01
