9.999999999732445e-7
0.0002527285566786275
0.0010076607573960006
0.0022650364494189446
0.004023589562008711
0.006281549381247142
0.009036642332995226
0.012286094272189907
0.01602663327617254
0.02025449293923809
0.02496541616508613
0.03015465945335616
0.03581699767593016
0.04194672933819388
0.048537682319958475
0.055583220090262564
0.06307624838979603
0.07100922237421803
0.07937415421117577
0.08816262112337431
0.09736577386959944
0.10697434565515357
0.1169786614627325
0.12736864779434742
0.13813384281448393
0.1492634068842832
0.16074613347613964
0.17257046045772445
0.18472448173407224
0.1971959592360102
0.2099723352428557
0.2230407450269768
0.23638802980748258
0.25000075
0.263865198749196
0.2779674157304192
0.29229320120656327
0.3068281303259985
0.3215575676471748
0.33646668187527085
0.35154046079605017
0.3667637263918893
0.3821211501247541
0.39759726837073867
0.4131764979906236
0.4288431520207765
0.4445814554685944
0.4603755611965842
0.47620956587908675
0.4920675260155779
0.507933473984422
0.5237914341209132
0.5396254388034157
0.5554195445314055
0.5711578479792234
0.5868245020093763
0.6024037316292613
0.6178798498752458
0.6332372736081107
0.6484605392039497
0.6635343181247291
0.6784434323528251
0.6931728696740014
0.7077077987934366
0.7220335842695806
0.7361358012508039
0.7500002499999999
0.7636129701925174
0.7769602549730231
0.7900286647571442
0.8028050407639897
0.8152765182659276
0.8274305395422754
0.8392548665238603
0.8507375931157167
0.861867157185516
0.8726323522056525
0.8830223385372674
0.8930266543448464
0.9026352261304005
0.9118383788766256
0.9206268457888241
0.9289917776257819
0.9369247516102039
0.9444177799097373
0.9514633176800414
0.958054270661806
0.9641840023240698
0.9698463405466438
0.9750355838349138
0.9797465070607618
0.9839743667238274
0.9877149057278101
0.9909643576670046
0.9937194506187528
0.9959774104379913
0.9977359635505809
0.9989933392426039
0.9997482714433212
1.