1.000000000000000021e-03
2.112751677852349116e-02
4.125503355704698144e-02
6.138255033557046825e-02
8.151006711409396199e-02
1.016375838926174557e-01
1.217651006711409356e-01
1.418926174496644432e-01
1.620201342281879231e-01
1.821476510067114030e-01
2.022751677852349106e-01
2.224026845637583905e-01
2.425302013422818703e-01
2.626577181208053502e-01
2.827852348993288856e-01
3.029127516778523654e-01
3.230402684563758453e-01
3.431677852348993252e-01
3.632953020134228050e-01
3.834228187919463404e-01
4.035503355704698203e-01
4.236778523489933002e-01
4.438053691275167800e-01
4.639328859060402599e-01
4.840604026845637398e-01
5.041879194630872751e-01
5.243154362416106995e-01
5.444429530201342349e-01
5.645704697986577703e-01
5.846979865771811946e-01
6.048255033557047300e-01
6.249530201342281543e-01
6.450805369127516897e-01
6.652080536912752251e-01
6.853355704697986495e-01
7.054630872483221848e-01
7.255906040268456092e-01
7.457181208053691446e-01
7.658456375838926800e-01
7.859731543624161043e-01
8.061006711409396397e-01
8.262281879194630640e-01
8.463557046979865994e-01
8.664832214765101348e-01
8.866107382550335592e-01
9.067382550335570945e-01
9.268657718120805189e-01
9.469932885906040543e-01
9.671208053691274786e-01
9.872483221476510140e-01
1.007375838926174438e+00
1.027503355704697974e+00
1.047630872483221287e+00
1.067758389261744822e+00
1.087885906040268358e+00
1.108013422818791893e+00
1.128140939597315429e+00
1.148268456375838742e+00
1.168395973154362277e+00
1.188523489932885813e+00
1.208651006711409348e+00
1.228778523489932883e+00
1.248906040268456197e+00
1.269033557046979732e+00
1.289161073825503268e+00
1.309288590604026803e+00
1.329416107382550338e+00
1.349543624161073652e+00
1.369671140939597187e+00
1.389798657718120722e+00
1.409926174496644258e+00
1.430053691275167793e+00
1.450181208053691106e+00
1.470308724832214642e+00
1.490436241610738177e+00
1.510563758389261713e+00
1.530691275167785248e+00
1.550818791946308561e+00
1.570946308724832097e+00
1.591073825503355632e+00
1.611201342281879167e+00
1.631328859060402703e+00
1.651456375838926016e+00
1.671583892617449552e+00
1.691711409395973087e+00
1.711838926174496622e+00
1.731966442953020158e+00
1.752093959731543471e+00
1.772221476510067006e+00
1.792348993288590542e+00
1.812476510067114077e+00
1.832604026845637613e+00
1.852731543624160926e+00
1.872859060402684461e+00
1.892986577181207997e+00
1.913114093959731532e+00
1.933241610738254845e+00
1.953369127516778381e+00
1.973496644295301916e+00
1.993624161073825451e+00
2.013751677852348987e+00
2.033879194630872522e+00
2.054006711409396058e+00
2.074134228187919593e+00
2.094261744966442684e+00
2.114389261744966220e+00
2.134516778523489755e+00
2.154644295302013290e+00
2.174771812080536826e+00
2.194899328859060361e+00
2.215026845637583897e+00
2.235154362416107432e+00
2.255281879194630967e+00
2.275409395973154503e+00
2.295536912751677594e+00
2.315664429530201129e+00
2.335791946308724665e+00
2.355919463087248200e+00
2.376046979865771736e+00
2.396174496644295271e+00
2.416302013422818806e+00
2.436429530201342342e+00
2.456557046979865877e+00
2.476684563758389412e+00
2.496812080536912504e+00
2.516939597315436039e+00
2.537067114093959574e+00
2.557194630872483110e+00
2.577322147651006645e+00
2.597449664429530181e+00
2.617577181208053716e+00
2.637704697986577251e+00
2.657832214765100787e+00
2.677959731543623878e+00
2.698087248322147413e+00
2.718214765100670949e+00
2.738342281879194484e+00
2.758469798657718020e+00
2.778597315436241555e+00
2.798724832214765090e+00
2.818852348993288626e+00
2.838979865771812161e+00
2.859107382550335696e+00
2.879234899328858788e+00
2.899362416107382323e+00
2.919489932885905858e+00
2.939617449664429394e+00
2.959744966442952929e+00
2.979872483221476465e+00
3.000000000000000000e+00
