-3.
-2.96602059991328
-2.932041199826559
-2.898061799739839
-2.8640823996531184
-2.830102999566398
-2.7961235994796776
-2.7621441993929574
-2.728164799306237
-2.6941853992195166
-2.6602059991327964
-2.626226599046076
-2.5922471989593556
-2.558267798872635
-2.524288398785915
-2.490308998699194
-2.456329598612474
-2.422350198525754
-2.388370798439033
-2.354391398352313
-2.3204119982655924
-2.2864325981788722
-2.2524531980921516
-2.2184737980054314
-2.1844943979187113
-2.1505149978319906
-2.11653559774527
-2.08255619765855
-2.0485767975718296
-2.014597397485109
-1.9806179973983888
-1.9466385973116684
-1.912659197224948
-1.8786797971382276
-1.8447003970515072
-1.8107209969647868
-1.7767415968780664
-1.7427621967913463
-1.7087827967046259
-1.6748033966179054
-1.640823996531185
-1.6068445964444646
-1.5728651963577442
-1.5388857962710238
-1.5049063961843037
-1.4709269960975833
-1.4369475960108629
-1.4029681959241425
-1.368988795837422
-1.3350093957507017
-1.3010299956639813
-1.2670505955772609
-1.2330711954905405
-1.1990917954038203
-1.1651123953170999
-1.1311329952303795
-1.097153595143659
-1.0631741950569387
-1.0291947949702183
-0.9952153948834979
-0.9612359947967777
-0.9272565947100571
-0.8932771946233369
-0.8592977945366163
-0.8253183944498961
-0.7913389943631759
-0.7573595942764553
-0.7233801941897351
-0.6894007941030145
-0.6554213940162943
-0.6214419939295737
-0.5874625938428535
-0.5534831937561329
-0.5195037936694127
-0.4855243935826925
-0.4515449934959719
-0.4175655934092517
-0.3835861933225311
-0.3496067932358109
-0.3156273931490903
-0.2816479930623701
-0.24766859297564991
-0.2136891928889293
-0.1797097928022091
-0.1457303927154885
-0.11175099262876831
-0.07777159254204769
-0.043792192455327505
-0.009812792368607326
0.024166607718113298
0.05814600780483348
0.0921254078915541
0.12610480797827428
0.1600842080649949
0.19406360815171508
0.2280430082384357
0.2620224083251559
0.29600180841187607
0.3299812084985967
0.36396060858531687
0.3979400086720375